0.000000 0.000000 0.000000
0.000000 0.034000 0.000000
0.000701 0.030238 0.015545
0.001401 0.019785 0.027650
0.002102 0.004954 0.033637
0.002803 -0.010973 0.032181
0.003504 -0.024472 0.023603
0.004204 -0.032556 0.009803
0.004905 -0.033436 -0.006167
0.005606 -0.026917 -0.020772
0.006306 -0.014442 -0.030780
0.007007 0.001229 -0.033978
0.007708 0.016628 -0.029656
0.008408 0.028348 -0.018773
0.009109 0.033794 -0.003735
0.009810 0.031763 0.012130
0.010511 0.022703 0.025310
0.011211 0.008619 0.032889
0.011912 -0.007372 0.033191
0.012613 -0.021732 0.026148
0.013313 -0.031283 0.013319
0.014014 -0.033911 -0.002457
0.014715 -0.029036 -0.017690
0.015415 -0.017735 -0.029008
0.016116 -0.002510 -0.033907
0.016817 0.013270 -0.031303
0.017518 0.026114 -0.021773
0.018218 0.033180 -0.007424
0.018919 0.032903 0.008567
0.019620 0.025345 0.022663
0.020320 0.012180 0.031744
0.021021 -0.003682 0.033800
0.021722 -0.018728 0.028377
0.022422 -0.029630 0.016675
0.023123 -0.033976 0.001283
0.023824 -0.030803 -0.014393
0.024525 -0.020814 -0.026884
0.025225 -0.006220 -0.033426
0.025926 0.009751 -0.032572
0.026627 0.023564 -0.024509
0.027327 0.032163 -0.011024
0.028028 0.033645 0.004901
0.028729 0.027681 0.019742
0.029429 0.015593 0.030214
0.030130 0.000053 0.034000
0.030831 -0.015498 0.030263
0.031532 -0.027619 0.019829
0.032232 -0.033629 0.005007
0.032933 -0.032198 -0.010923
0.033634 -0.023641 -0.024435
0.034334 -0.009854 -0.032541
0.035035 0.006115 -0.033446
0.035736 0.020730 -0.026950
0.036436 0.030758 -0.014490
0.037137 0.033980 0.001176
0.037838 0.029682 0.016582
0.038539 0.018817 0.028318
0.039239 0.003788 0.033788
0.039940 -0.012080 0.031782
0.040641 -0.025274 0.022742
0.041341 -0.032876 0.008671
0.042042 -0.033203 -0.007320
0.042743 -0.026182 -0.021691
0.043443 -0.013368 -0.031262
0.044144 0.002404 -0.033915
0.044845 0.017644 -0.029064
0.045546 0.028980 -0.017781
0.046246 0.033903 -0.002564
0.046947 0.031324 0.013221
0.047648 0.021814 0.026080
0.048348 0.007476 0.033168
0.049049 -0.008516 0.032916
0.049750 -0.022623 0.025381
0.050450 -0.031724 0.012229
0.051151 -0.033806 -0.003628
0.051852 -0.028407 -0.018683
0.052553 -0.016721 -0.029604
0.053253 -0.001336 -0.033974
0.053954 0.014345 -0.030826
0.054655 0.026852 -0.020857
0.055355 0.033416 -0.006272
0.056056 0.032587 0.009700
0.056757 0.024547 0.023526
0.057457 0.011074 0.032146
0.058158 -0.004848 0.033653
0.058859 -0.019698 0.027712
0.059560 -0.030189 0.015640
0.060260 -0.034000 0.000107
0.060961 -0.030287 -0.015450
0.061662 -0.019872 -0.027588
0.062362 -0.005060 -0.033621
0.063063 0.010872 -0.032215
0.063764 0.024398 -0.023680
0.064464 0.032525 -0.009905
0.065165 0.033455 0.006062
0.065866 0.026982 0.020687
0.066567 0.014538 0.030735
0.067267 -0.001122 0.033981
0.067968 -0.016535 0.029709
0.068669 -0.028289 0.018862
0.069369 -0.033782 0.003841
0.070070 -0.031801 -0.012030
0.070771 -0.022782 -0.025238
0.071471 -0.008722 -0.032862
0.072172 0.007268 -0.033214
0.072873 0.021649 -0.026217
0.073574 0.031240 -0.013418
0.074274 0.033919 0.002350
0.074975 0.029091 0.017598
0.075676 0.017826 0.028952
0.076376 0.002617 0.033899
0.077077 -0.013172 0.031345
0.077778 -0.026046 0.021855
0.078478 -0.033156 0.007528
0.079179 -0.032930 -0.008464
0.079880 -0.025417 -0.022583
0.080581 -0.012279 -0.031705
0.081281 0.003575 -0.033812
0.081982 0.018639 -0.028436
0.082683 0.029578 -0.016768
0.083383 0.033972 -0.001390
0.084084 0.030848 0.014296
0.084785 0.020899 0.026819
0.085485 0.006325 0.033407
0.086186 -0.009649 0.032602
0.086887 -0.023487 0.024583
0.087588 -0.032128 0.011125
0.088288 -0.033660 -0.004795
0.088989 -0.027743 -0.019655
0.089690 -0.015688 -0.030165
0.090390 -0.000160 -0.034000
0.091091 0.015402 -0.030311
0.091792 0.027557 -0.019915
0.092492 0.033613 -0.005113
0.093193 0.032232 0.010821
0.093894 0.023718 0.024361
0.094595 0.009956 0.032510
0.095295 -0.006009 0.033465
0.095996 -0.020645 0.027015
0.096697 -0.030712 0.014587
0.097397 -0.033983 -0.001069
0.098098 -0.029734 -0.016488
0.098799 -0.018906 -0.028259
0.099499 -0.003894 -0.033776
0.100200 0.011980 -0.031820
0.100901 0.025202 -0.022822
0.101602 0.032848 -0.008774
0.102302 0.033226 0.007215
0.103003 0.026251 0.021608
0.103704 0.013467 0.031219
0.104404 -0.002297 0.033922
0.105105 -0.017553 0.029119
0.105806 -0.028924 0.017872
0.106507 -0.033895 0.002670
0.107207 -0.031366 -0.013122
0.107908 -0.021896 -0.026011
0.108609 -0.007581 -0.033144
0.109309 0.008412 -0.032943
0.110010 0.022543 -0.025452
0.110711 0.031686 -0.012329
0.111411 0.033817 0.003522
0.112112 0.028465 0.018594
0.112813 0.016814 0.029551
0.113514 0.001443 0.033969
0.114214 -0.014248 0.030871
0.114915 -0.026786 0.020941
0.115616 -0.033397 0.006377
0.116316 -0.032617 -0.009598
0.117017 -0.024620 -0.023449
0.117718 -0.011175 -0.032111
0.118418 0.004742 -0.033668
0.119119 0.019611 -0.027774
0.119820 0.030140 -0.015735
0.120521 0.033999 -0.000214
0.121221 0.030335 0.015355
0.121922 0.019959 0.027525
0.122623 0.005166 0.033605
0.123323 -0.010771 0.032249
0.124024 -0.024323 0.023756
0.124725 -0.032494 0.010007
0.125425 -0.033474 -0.005957
0.126126 -0.027047 -0.020602
0.126827 -0.014635 -0.030689
0.127528 0.001016 -0.033985
0.128228 0.016441 -0.029760
0.128929 0.028229 -0.018950
0.129630 0.033770 -0.003947
0.130330 0.031838 0.011930
0.131031 0.022861 0.025167
0.131732 0.008826 0.032835
0.132432 -0.007163 0.033237
0.133133 -0.021567 0.026284
0.133834 -0.031198 0.013516
0.134535 -0.033926 -0.002244
0.135235 -0.029146 -0.017507
0.135936 -0.017917 -0.028896
0.136637 -0.002724 -0.033891
0.137337 0.013073 -0.031386
0.138038 0.025977 -0.021937
0.138739 0.033132 -0.007633
0.139439 0.032956 0.008360
0.140140 0.025488 0.022503
0.140841 0.012379 0.031666
0.141542 -0.003469 0.033823
0.142242 -0.018549 0.028494
0.142943 -0.029525 0.016861
0.143644 -0.033967 0.001496
0.144344 -0.030893 -0.014199
0.145045 -0.020983 -0.026753
0.145746 -0.006430 -0.033386
0.146446 0.009546 -0.032632
0.147147 0.023410 -0.024657
0.147848 0.032093 -0.011226
0.148549 0.033675 0.004690
0.149249 0.027805 0.019567
0.149950 0.015782 0.030115
0.150651 0.000267 0.033999
0.151351 -0.015307 0.030359
0.152052 -0.027494 0.020002
0.152753 -0.033597 0.005218
0.153453 -0.032266 -0.010720
0.154154 -0.023795 -0.024286
0.154855 -0.010058 -0.032478
0.155556 0.005904 -0.033483
0.156256 0.020560 -0.027079
0.156957 0.030666 -0.014683
0.157658 0.033986 0.000962
0.158358 0.029786 0.016395
0.159059 0.018995 0.028199
0.159760 0.004000 0.033764
0.160460 -0.011880 0.031857
0.161161 -0.025131 0.022901
0.161862 -0.032821 0.008877
0.162563 -0.033248 -0.007111
0.163263 -0.026318 -0.021525
0.163964 -0.013565 -0.031177
0.164665 0.002190 -0.033929
0.165365 0.017461 -0.029174
0.166066 0.028868 -0.017963
0.166767 0.033886 -0.002777
0.167467 0.031407 0.013024
0.168168 0.021977 0.025942
0.168869 0.007685 0.033120
0.169570 -0.008308 0.032969
0.170270 -0.022463 0.025523
0.170971 -0.031647 0.012429
0.171672 -0.033828 -0.003416
0.172372 -0.028524 -0.018504
0.173073 -0.016907 -0.029498
0.173774 -0.001550 -0.033965
0.174474 0.014151 -0.030915
0.175175 0.026720 -0.021025
0.175876 0.033376 -0.006482
0.176577 0.032647 0.009495
0.177277 0.024694 0.023371
0.177978 0.011276 0.032076
0.178679 -0.004637 0.033682
0.179379 -0.019523 0.027836
0.180080 -0.030090 0.015830
0.180781 -0.033998 0.000321
0.181481 -0.030384 -0.015259
0.182182 -0.020045 -0.027463
0.182883 -0.005271 -0.033589
0.183584 0.010669 -0.032283
0.184284 0.024249 -0.023833
0.184985 0.032462 -0.010109
0.185686 0.033493 0.005851
0.186386 0.027112 0.020517
0.187087 0.014731 0.030643
0.187788 -0.000909 0.033988
0.188488 -0.016348 0.029812
0.189189 -0.028169 0.019039
0.189890 -0.033758 0.004053
0.190591 -0.031876 -0.011829
0.191291 -0.022940 -0.025095
0.191992 -0.008929 -0.032807
0.192693 0.007059 -0.033259
0.193393 0.021484 -0.026352
0.194094 0.031155 -0.013614
0.194795 0.033933 0.002137
0.195495 0.029201 0.017415
0.196196 0.018008 0.028839
0.196897 0.002830 0.033882
0.197598 -0.012974 0.031427
0.198298 -0.025908 0.022018
0.198999 -0.033108 0.007737
0.199700 -0.032982 -0.008256
0.200400 -0.025558 -0.022423
0.201101 -0.012478 -0.031627
0.201802 0.003363 -0.033833
0.202503 0.018459 -0.028553
0.203203 0.029472 -0.016954
0.203904 0.033962 -0.001603
0.204605 0.030938 0.014102
0.205305 0.021067 0.026687
0.206006 0.006535 0.033366
0.206707 -0.009444 0.032662
0.207407 -0.023332 0.024731
0.208108 -0.032058 0.011327
0.208809 -0.033690 -0.004584
0.209510 -0.027866 -0.019480
0.210210 -0.015877 -0.030065
0.210911 -0.000374 -0.033998
0.211612 0.015211 -0.030407
0.212312 0.027431 -0.020088
0.213013 0.033581 -0.005324
0.213714 0.032299 0.010618
0.214414 0.023871 0.024211
0.215115 0.010160 0.032446
0.215816 -0.005799 0.033502
0.216517 -0.020475 0.027144
0.217217 -0.030620 0.014780
0.217918 -0.033989 -0.000855
0.218619 -0.029838 -0.016301
0.219319 -0.019083 -0.028139
0.220020 -0.004106 -0.033751
0.220721 0.011779 -0.031894
0.221421 0.025058 -0.022980
0.222122 0.032793 -0.008980
0.222823 0.033270 0.007006
0.223524 0.026386 0.021443
0.224224 0.013663 0.031134
0.224925 -0.002084 0.033936
0.225626 -0.017369 0.029229
0.226326 -0.028811 0.018054
0.227027 -0.033878 0.002883
0.227728 -0.031448 -0.012925
0.228428 -0.022059 -0.025873
0.229129 -0.007789 -0.033096
0.229830 0.008205 -0.032995
0.230531 0.022383 -0.025593
0.231231 0.031608 -0.012528
0.231932 0.033839 0.003309
0.232633 0.028582 0.018414
0.233333 0.017000 0.029445
0.234034 0.001657 0.033960
0.234735 -0.014053 0.030960
0.235435 -0.026654 0.021109
0.236136 -0.033356 0.006587
0.236837 -0.032677 -0.009392
0.237538 -0.024767 -0.023293
0.238238 -0.011377 -0.032040
0.238939 0.004531 -0.033697
0.239640 0.019436 -0.027897
0.240340 0.030040 -0.015924
0.241041 0.033997 -0.000428
0.241742 0.030431 0.015164
0.242442 0.020131 0.027399
0.243143 0.005377 0.033572
0.243844 -0.010568 0.032316
0.244545 -0.024174 0.023909
0.245245 -0.032430 0.010211
0.245946 -0.033511 -0.005746
0.246647 -0.027176 -0.020432
0.247347 -0.014828 -0.030596
0.248048 0.000802 -0.033991
0.248749 0.016254 -0.029863
0.249449 0.028109 -0.019128
0.250150 0.033745 -0.004159
0.250851 0.031913 0.011729
0.251552 0.023019 0.025022
0.252252 0.009032 0.032778
0.252953 -0.006954 0.033281
0.253654 -0.021401 0.026420
0.254354 -0.031113 0.013712
0.255055 -0.033939 -0.002030
0.255756 -0.029256 -0.017323
0.256456 -0.018099 -0.028783
0.257157 -0.002937 -0.033873
0.257858 0.012875 -0.031468
0.258559 0.025838 -0.022100
0.259259 0.033084 -0.007841
0.259960 0.033008 0.008153
0.260661 0.025629 0.022342
0.261361 0.012578 0.031588
0.262062 -0.003256 0.033844
0.262763 -0.018370 0.028611
0.263463 -0.029418 0.017046
0.264164 -0.033957 0.001710
0.264865 -0.030982 -0.014005
0.265566 -0.021151 -0.026620
0.266266 -0.006640 -0.033345
0.266967 0.009341 -0.032692
0.267668 0.023254 -0.024804
0.268368 0.032022 -0.011428
0.269069 0.033704 0.004478
0.269770 0.027928 0.019392
0.270470 0.015971 0.030015
0.271171 0.000481 0.033997
0.271872 -0.015116 0.030455
0.272573 -0.027368 0.020175
0.273273 -0.033564 0.005430
0.273974 -0.032333 -0.010517
0.274675 -0.023947 -0.024136
0.275375 -0.010262 -0.032414
0.276076 0.005693 -0.033520
0.276777 0.020389 -0.027208
0.277477 0.030573 -0.014876
0.278178 0.033992 0.000748
0.278879 0.029889 0.016207
0.279580 0.019172 0.028079
0.280280 0.004213 0.033738
0.280981 -0.011679 0.031931
0.281682 -0.024986 0.023059
0.282382 -0.032764 0.009084
0.283083 -0.033292 -0.006902
0.283784 -0.026453 -0.021359
0.284484 -0.013761 -0.031091
0.285185 0.001977 -0.033942
0.285886 0.017277 -0.029283
0.286587 0.028754 -0.018144
0.287287 0.033868 -0.002990
0.287988 0.031488 0.012826
0.288689 0.022140 0.025803
0.289389 0.007893 0.033071
0.290090 -0.008101 0.033021
0.290791 -0.022302 0.025664
0.291491 -0.031568 0.012627
0.292192 -0.033849 -0.003203
0.292893 -0.028639 -0.018325
0.293594 -0.017093 -0.029391
0.294294 -0.001763 -0.033954
0.294995 0.013956 -0.031004
0.295696 0.026587 -0.021193
0.296396 0.033335 -0.006692
0.297097 0.032706 0.009289
0.297798 0.024840 0.023215
0.298498 0.011478 0.032004
0.299199 -0.004425 0.033711
0.299900 -0.019348 0.027958
0.300601 -0.029990 0.016019
0.301301 -0.033996 0.000535
0.302002 -0.030479 -0.015068
0.302703 -0.020218 -0.027336
0.303403 -0.005482 -0.033555
0.304104 0.010466 -0.032349
0.304805 0.024098 -0.023985
0.305506 0.032398 -0.010313
0.306206 0.033529 0.005641
0.306907 0.027240 0.020346
0.307608 0.014924 0.030550
0.308308 -0.000695 0.033993
0.309009 -0.016160 0.029914
0.309710 -0.028049 0.019216
0.310410 -0.033731 0.004266
0.311111 -0.031950 -0.011629
0.311812 -0.023098 -0.024950
0.312513 -0.009135 -0.032750
0.313213 0.006849 -0.033303
0.313914 0.021318 -0.026487
0.314615 0.031069 -0.013810
0.315315 0.033946 0.001924
0.316016 0.029310 0.017231
0.316717 0.018189 0.028725
0.317417 0.003043 0.033864
0.318118 -0.012776 0.031508
0.318819 -0.025769 0.022181
0.319520 -0.033059 0.007945
0.320220 -0.033034 -0.008049
0.320921 -0.025699 -0.022262
0.321622 -0.012677 -0.031548
0.322322 0.003150 -0.033854
0.323023 0.018279 -0.028668
0.323724 0.029364 -0.017139
0.324424 0.033951 -0.001817
0.325125 0.031026 0.013907
0.325826 0.021234 0.026554
0.326527 0.006744 0.033324
0.327227 -0.009238 0.032721
0.327928 -0.023176 0.024877
0.328629 -0.031986 0.011528
0.329329 -0.033718 -0.004372
0.330030 -0.027988 -0.019304
0.330731 -0.016066 -0.029965
0.331431 -0.000588 -0.033995
0.332132 0.015020 -0.030503
0.332833 0.027304 -0.020260
0.333534 0.033546 -0.005535
0.334234 0.032366 0.010415
0.334935 0.024023 0.024061
0.335636 0.010364 0.032382
0.336336 -0.005588 0.033538
0.337037 -0.020303 0.027272
0.337738 -0.030526 0.014972
0.338438 -0.033994 -0.000641
0.339139 -0.029940 -0.016113
0.339840 -0.019260 -0.028019
0.340541 -0.004319 -0.033725
0.341241 0.011578 -0.031968
0.341942 0.024913 -0.023137
0.342643 0.032735 -0.009187
0.343343 0.033314 0.006797
0.344044 0.026520 0.021276
0.344745 0.013858 0.031047
0.345445 -0.001870 0.033949
0.346146 -0.017185 0.029337
0.346847 -0.028697 0.018234
0.347548 -0.033859 0.003096
0.348248 -0.031528 -0.012727
0.348949 -0.022221 -0.025734
0.349650 -0.007997 -0.033046
0.350350 0.007997 -0.033046
0.351051 0.022221 -0.025734
0.351752 0.031528 -0.012727
0.352452 0.033859 0.003096
0.353153 0.028697 0.018234
0.353854 0.017185 0.029337
0.354555 0.001870 0.033949
0.355255 -0.013858 0.031047
0.355956 -0.026520 0.021276
0.356657 -0.033314 0.006797
0.357357 -0.032735 -0.009187
0.358058 -0.024913 -0.023137
0.358759 -0.011578 -0.031968
0.359459 0.004319 -0.033725
0.360160 0.019260 -0.028019
0.360861 0.029940 -0.016113
0.361562 0.033994 -0.000641
0.362262 0.030526 0.014972
0.362963 0.020303 0.027272
0.363664 0.005588 0.033538
0.364364 -0.010364 0.032382
0.365065 -0.024023 0.024061
0.365766 -0.032366 0.010415
0.366466 -0.033546 -0.005535
0.367167 -0.027304 -0.020260
0.367868 -0.015020 -0.030503
0.368569 0.000588 -0.033995
0.369269 0.016066 -0.029965
0.369970 0.027988 -0.019304
0.370671 0.033718 -0.004372
0.371371 0.031986 0.011528
0.372072 0.023176 0.024877
0.372773 0.009238 0.032721
0.373473 -0.006744 0.033324
0.374174 -0.021234 0.026554
0.374875 -0.031026 0.013907
0.375576 -0.033951 -0.001817
0.376276 -0.029364 -0.017139
0.376977 -0.018279 -0.028668
0.377678 -0.003150 -0.033854
0.378378 0.012677 -0.031548
0.379079 0.025699 -0.022262
0.379780 0.033034 -0.008049
0.380480 0.033059 0.007945
0.381181 0.025769 0.022181
0.381882 0.012776 0.031508
0.382583 -0.003043 0.033864
0.383283 -0.018189 0.028725
0.383984 -0.029310 0.017231
0.384685 -0.033946 0.001924
0.385385 -0.031069 -0.013810
0.386086 -0.021318 -0.026487
0.386787 -0.006849 -0.033303
0.387487 0.009135 -0.032750
0.388188 0.023098 -0.024950
0.388889 0.031950 -0.011629
0.389590 0.033731 0.004266
0.390290 0.028049 0.019216
0.390991 0.016160 0.029914
0.391692 0.000695 0.033993
0.392392 -0.014924 0.030550
0.393093 -0.027240 0.020346
0.393794 -0.033529 0.005641
0.394494 -0.032398 -0.010313
0.395195 -0.024098 -0.023985
0.395896 -0.010466 -0.032349
0.396597 0.005482 -0.033555
0.397297 0.020218 -0.027336
0.397998 0.030479 -0.015068
0.398699 0.033996 0.000535
0.399399 0.029990 0.016019
0.400100 0.019348 0.027958
0.400801 0.004425 0.033711
0.401502 -0.011478 0.032004
0.402202 -0.024840 0.023215
0.402903 -0.032706 0.009289
0.403604 -0.033335 -0.006692
0.404304 -0.026587 -0.021193
0.405005 -0.013956 -0.031004
0.405706 0.001763 -0.033954
0.406406 0.017093 -0.029391
0.407107 0.028639 -0.018325
0.407808 0.033849 -0.003203
0.408509 0.031568 0.012627
0.409209 0.022302 0.025664
0.409910 0.008101 0.033021
0.410611 -0.007893 0.033071
0.411311 -0.022140 0.025803
0.412012 -0.031488 0.012826
0.412713 -0.033868 -0.002990
0.413413 -0.028754 -0.018144
0.414114 -0.017277 -0.029283
0.414815 -0.001977 -0.033942
0.415516 0.013761 -0.031091
0.416216 0.026453 -0.021359
0.416917 0.033292 -0.006902
0.417618 0.032764 0.009084
0.418318 0.024986 0.023059
0.419019 0.011679 0.031931
0.419720 -0.004213 0.033738
0.420420 -0.019172 0.028079
0.421121 -0.029889 0.016207
0.421822 -0.033992 0.000748
0.422523 -0.030573 -0.014876
0.423223 -0.020389 -0.027208
0.423924 -0.005693 -0.033520
0.424625 0.010262 -0.032414
0.425325 0.023947 -0.024136
0.426026 0.032333 -0.010517
0.426727 0.033564 0.005430
0.427427 0.027368 0.020175
0.428128 0.015116 0.030455
0.428829 -0.000481 0.033997
0.429530 -0.015971 0.030015
0.430230 -0.027928 0.019392
0.430931 -0.033704 0.004478
0.431632 -0.032022 -0.011428
0.432332 -0.023254 -0.024804
0.433033 -0.009341 -0.032692
0.433734 0.006640 -0.033345
0.434434 0.021151 -0.026620
0.435135 0.030982 -0.014005
0.435836 0.033957 0.001710
0.436537 0.029418 0.017046
0.437237 0.018370 0.028611
0.437938 0.003256 0.033844
0.438639 -0.012578 0.031588
0.439339 -0.025629 0.022342
0.440040 -0.033008 0.008153
0.440741 -0.033084 -0.007841
0.441441 -0.025838 -0.022100
0.442142 -0.012875 -0.031468
0.442843 0.002937 -0.033873
0.443544 0.018099 -0.028783
0.444244 0.029256 -0.017323
0.444945 0.033939 -0.002030
0.445646 0.031113 0.013712
0.446346 0.021401 0.026420
0.447047 0.006954 0.033281
0.447748 -0.009032 0.032778
0.448448 -0.023019 0.025022
0.449149 -0.031913 0.011729
0.449850 -0.033745 -0.004159
0.450551 -0.028109 -0.019128
0.451251 -0.016254 -0.029863
0.451952 -0.000802 -0.033991
0.452653 0.014828 -0.030596
0.453353 0.027176 -0.020432
0.454054 0.033511 -0.005746
0.454755 0.032430 0.010211
0.455455 0.024174 0.023909
0.456156 0.010568 0.032316
0.456857 -0.005377 0.033572
0.457558 -0.020131 0.027399
0.458258 -0.030431 0.015164
0.458959 -0.033997 -0.000428
0.459660 -0.030040 -0.015924
0.460360 -0.019436 -0.027897
0.461061 -0.004531 -0.033697
0.461762 0.011377 -0.032040
0.462462 0.024767 -0.023293
0.463163 0.032677 -0.009392
0.463864 0.033356 0.006587
0.464565 0.026654 0.021109
0.465265 0.014053 0.030960
0.465966 -0.001657 0.033960
0.466667 -0.017000 0.029445
0.467367 -0.028582 0.018414
0.468068 -0.033839 0.003309
0.468769 -0.031608 -0.012528
0.469469 -0.022383 -0.025593
0.470170 -0.008205 -0.032995
0.470871 0.007789 -0.033096
0.471572 0.022059 -0.025873
0.472272 0.031448 -0.012925
0.472973 0.033878 0.002883
0.473674 0.028811 0.018054
0.474374 0.017369 0.029229
0.475075 0.002084 0.033936
0.475776 -0.013663 0.031134
0.476476 -0.026386 0.021443
0.477177 -0.033270 0.007006
0.477878 -0.032793 -0.008980
0.478579 -0.025058 -0.022980
0.479279 -0.011779 -0.031894
0.479980 0.004106 -0.033751
0.480681 0.019083 -0.028139
0.481381 0.029838 -0.016301
0.482082 0.033989 -0.000855
0.482783 0.030620 0.014780
0.483483 0.020475 0.027144
0.484184 0.005799 0.033502
0.484885 -0.010160 0.032446
0.485586 -0.023871 0.024211
0.486286 -0.032299 0.010618
0.486987 -0.033581 -0.005324
0.487688 -0.027431 -0.020088
0.488388 -0.015211 -0.030407
0.489089 0.000374 -0.033998
0.489790 0.015877 -0.030065
0.490490 0.027866 -0.019480
0.491191 0.033690 -0.004584
0.491892 0.032058 0.011327
0.492593 0.023332 0.024731
0.493293 0.009444 0.032662
0.493994 -0.006535 0.033366
0.494695 -0.021067 0.026687
0.495395 -0.030938 0.014102
0.496096 -0.033962 -0.001603
0.496797 -0.029472 -0.016954
0.497497 -0.018459 -0.028553
0.498198 -0.003363 -0.033833
0.498899 0.012478 -0.031627
0.499600 0.025558 -0.022423
0.500300 0.032982 -0.008256
0.501001 0.033108 0.007737
0.501702 0.025908 0.022018
0.502402 0.012974 0.031427
0.503103 -0.002830 0.033882
0.503804 -0.018008 0.028839
0.504505 -0.029201 0.017415
0.505205 -0.033933 0.002137
0.505906 -0.031155 -0.013614
0.506607 -0.021484 -0.026352
0.507307 -0.007059 -0.033259
0.508008 0.008929 -0.032807
0.508709 0.022940 -0.025095
0.509409 0.031876 -0.011829
0.510110 0.033758 0.004053
0.510811 0.028169 0.019039
0.511512 0.016348 0.029812
0.512212 0.000909 0.033988
0.512913 -0.014731 0.030643
0.513614 -0.027112 0.020517
0.514314 -0.033493 0.005851
0.515015 -0.032462 -0.010109
0.515716 -0.024249 -0.023833
0.516416 -0.010669 -0.032283
0.517117 0.005271 -0.033589
0.517818 0.020045 -0.027463
0.518519 0.030384 -0.015259
0.519219 0.033998 0.000321
0.519920 0.030090 0.015830
0.520621 0.019523 0.027836
0.521321 0.004637 0.033682
0.522022 -0.011276 0.032076
0.522723 -0.024694 0.023371
0.523423 -0.032647 0.009495
0.524124 -0.033376 -0.006482
0.524825 -0.026720 -0.021025
0.525526 -0.014151 -0.030915
0.526226 0.001550 -0.033965
0.526927 0.016907 -0.029498
0.527628 0.028524 -0.018504
0.528328 0.033828 -0.003416
0.529029 0.031647 0.012429
0.529730 0.022463 0.025523
0.530430 0.008308 0.032969
0.531131 -0.007685 0.033120
0.531832 -0.021977 0.025942
0.532533 -0.031407 0.013024
0.533233 -0.033886 -0.002777
0.533934 -0.028868 -0.017963
0.534635 -0.017461 -0.029174
0.535335 -0.002190 -0.033929
0.536036 0.013565 -0.031177
0.536737 0.026318 -0.021525
0.537437 0.033248 -0.007111
0.538138 0.032821 0.008877
0.538839 0.025131 0.022901
0.539540 0.011880 0.031857
0.540240 -0.004000 0.033764
0.540941 -0.018995 0.028199
0.541642 -0.029786 0.016395
0.542342 -0.033986 0.000962
0.543043 -0.030666 -0.014683
0.543744 -0.020560 -0.027079
0.544444 -0.005904 -0.033483
0.545145 0.010058 -0.032478
0.545846 0.023795 -0.024286
0.546547 0.032266 -0.010720
0.547247 0.033597 0.005218
0.547948 0.027494 0.020002
0.548649 0.015307 0.030359
0.549349 -0.000267 0.033999
0.550050 -0.015782 0.030115
0.550751 -0.027805 0.019567
0.551451 -0.033675 0.004690
0.552152 -0.032093 -0.011226
0.552853 -0.023410 -0.024657
0.553554 -0.009546 -0.032632
0.554254 0.006430 -0.033386
0.554955 0.020983 -0.026753
0.555656 0.030893 -0.014199
0.556356 0.033967 0.001496
0.557057 0.029525 0.016861
0.557758 0.018549 0.028494
0.558458 0.003469 0.033823
0.559159 -0.012379 0.031666
0.559860 -0.025488 0.022503
0.560561 -0.032956 0.008360
0.561261 -0.033132 -0.007633
0.561962 -0.025977 -0.021937
0.562663 -0.013073 -0.031386
0.563363 0.002724 -0.033891
0.564064 0.017917 -0.028896
0.564765 0.029146 -0.017507
0.565465 0.033926 -0.002244
0.566166 0.031198 0.013516
0.566867 0.021567 0.026284
0.567568 0.007163 0.033237
0.568268 -0.008826 0.032835
0.568969 -0.022861 0.025167
0.569670 -0.031838 0.011930
0.570370 -0.033770 -0.003947
0.571071 -0.028229 -0.018950
0.571772 -0.016441 -0.029760
0.572472 -0.001016 -0.033985
0.573173 0.014635 -0.030689
0.573874 0.027047 -0.020602
0.574575 0.033474 -0.005957
0.575275 0.032494 0.010007
0.575976 0.024323 0.023756
0.576677 0.010771 0.032249
0.577377 -0.005166 0.033605
0.578078 -0.019959 0.027525
0.578779 -0.030335 0.015355
0.579479 -0.033999 -0.000214
0.580180 -0.030140 -0.015735
0.580881 -0.019611 -0.027774
0.581582 -0.004742 -0.033668
0.582282 0.011175 -0.032111
0.582983 0.024620 -0.023449
0.583684 0.032617 -0.009598
0.584384 0.033397 0.006377
0.585085 0.026786 0.020941
0.585786 0.014248 0.030871
0.586486 -0.001443 0.033969
0.587187 -0.016814 0.029551
0.587888 -0.028465 0.018594
0.588589 -0.033817 0.003522
0.589289 -0.031686 -0.012329
0.589990 -0.022543 -0.025452
0.590691 -0.008412 -0.032943
0.591391 0.007581 -0.033144
0.592092 0.021896 -0.026011
0.592793 0.031366 -0.013122
0.593493 0.033895 0.002670
0.594194 0.028924 0.017872
0.594895 0.017553 0.029119
0.595596 0.002297 0.033922
0.596296 -0.013467 0.031219
0.596997 -0.026251 0.021608
0.597698 -0.033226 0.007215
0.598398 -0.032848 -0.008774
0.599099 -0.025202 -0.022822
0.599800 -0.011980 -0.031820
0.600501 0.003894 -0.033776
0.601201 0.018906 -0.028259
0.601902 0.029734 -0.016488
0.602603 0.033983 -0.001069
0.603303 0.030712 0.014587
0.604004 0.020645 0.027015
0.604705 0.006009 0.033465
0.605405 -0.009956 0.032510
0.606106 -0.023718 0.024361
0.606807 -0.032232 0.010821
0.607508 -0.033613 -0.005113
0.608208 -0.027557 -0.019915
0.608909 -0.015402 -0.030311
0.609610 0.000160 -0.034000
0.610310 0.015688 -0.030165
0.611011 0.027743 -0.019655
0.611712 0.033660 -0.004795
0.612412 0.032128 0.011125
0.613113 0.023487 0.024583
0.613814 0.009649 0.032602
0.614515 -0.006325 0.033407
0.615215 -0.020899 0.026819
0.615916 -0.030848 0.014296
0.616617 -0.033972 -0.001390
0.617317 -0.029578 -0.016768
0.618018 -0.018639 -0.028436
0.618719 -0.003575 -0.033812
0.619419 0.012279 -0.031705
0.620120 0.025417 -0.022583
0.620821 0.032930 -0.008464
0.621522 0.033156 0.007528
0.622222 0.026046 0.021855
0.622923 0.013172 0.031345
0.623624 -0.002617 0.033899
0.624324 -0.017826 0.028952
0.625025 -0.029091 0.017598
0.625726 -0.033919 0.002350
0.626426 -0.031240 -0.013418
0.627127 -0.021649 -0.026217
0.627828 -0.007268 -0.033214
0.628529 0.008722 -0.032862
0.629229 0.022782 -0.025238
0.629930 0.031801 -0.012030
0.630631 0.033782 0.003841
0.631331 0.028289 0.018862
0.632032 0.016535 0.029709
0.632733 0.001122 0.033981
0.633433 -0.014538 0.030735
0.634134 -0.026982 0.020687
0.634835 -0.033455 0.006062
0.635536 -0.032525 -0.009905
0.636236 -0.024398 -0.023680
0.636937 -0.010872 -0.032215
0.637638 0.005060 -0.033621
0.638338 0.019872 -0.027588
0.639039 0.030287 -0.015450
0.639740 0.034000 0.000107
0.640440 0.030189 0.015640
0.641141 0.019698 0.027712
0.641842 0.004848 0.033653
0.642543 -0.011074 0.032146
0.643243 -0.024547 0.023526
0.643944 -0.032587 0.009700
0.644645 -0.033416 -0.006272
0.645345 -0.026852 -0.020857
0.646046 -0.014345 -0.030826
0.646747 0.001336 -0.033974
0.647447 0.016721 -0.029604
0.648148 0.028407 -0.018683
0.648849 0.033806 -0.003628
0.649550 0.031724 0.012229
0.650250 0.022623 0.025381
0.650951 0.008516 0.032916
0.651652 -0.007476 0.033168
0.652352 -0.021814 0.026080
0.653053 -0.031324 0.013221
0.653754 -0.033903 -0.002564
0.654454 -0.028980 -0.017781
0.655155 -0.017644 -0.029064
0.655856 -0.002404 -0.033915
0.656557 0.013368 -0.031262
0.657257 0.026182 -0.021691
0.657958 0.033203 -0.007320
0.658659 0.032876 0.008671
0.659359 0.025274 0.022742
0.660060 0.012080 0.031782
0.660761 -0.003788 0.033788
0.661461 -0.018817 0.028318
0.662162 -0.029682 0.016582
0.662863 -0.033980 0.001176
0.663564 -0.030758 -0.014490
0.664264 -0.020730 -0.026950
0.664965 -0.006115 -0.033446
0.665666 0.009854 -0.032541
0.666366 0.023641 -0.024435
0.667067 0.032198 -0.010923
0.667768 0.033629 0.005007
0.668468 0.027619 0.019829
0.669169 0.015498 0.030263
0.669870 -0.000053 0.034000
0.670571 -0.015593 0.030214
0.671271 -0.027681 0.019742
0.671972 -0.033645 0.004901
0.672673 -0.032163 -0.011024
0.673373 -0.023564 -0.024509
0.674074 -0.009751 -0.032572
0.674775 0.006220 -0.033426
0.675475 0.020814 -0.026884
0.676176 0.030803 -0.014393
0.676877 0.033976 0.001283
0.677578 0.029630 0.016675
0.678278 0.018728 0.028377
0.678979 0.003682 0.033800
0.679680 -0.012180 0.031744
0.680380 -0.025345 0.022663
0.681081 -0.032903 0.008567
0.681782 -0.033180 -0.007424
0.682482 -0.026114 -0.021773
0.683183 -0.013270 -0.031303
0.683884 0.002510 -0.033907
0.684585 0.017735 -0.029008
0.685285 0.029036 -0.017690
0.685986 0.033911 -0.002457
0.686687 0.031283 0.013319
0.687387 0.021732 0.026148
0.688088 0.007372 0.033191
0.688789 -0.008619 0.032889
0.689489 -0.022703 0.025310
0.690190 -0.031763 0.012130
0.690891 -0.033794 -0.003735
0.691592 -0.028348 -0.018773
0.692292 -0.016628 -0.029656
0.692993 -0.001229 -0.033978
0.693694 0.014442 -0.030780
0.694394 0.026917 -0.020772
0.695095 0.033436 -0.006167
0.695796 0.032556 0.009803
0.696496 0.024472 0.023603
0.697197 0.010973 0.032181
0.697898 -0.004954 0.033637
0.698599 -0.019785 0.027650
0.699299 -0.030238 0.015545
0.700000 -0.034000 0.000000
0.700000 0.000000 0.000000
