0.000000 0.000000 0.000000
0.000000 0.050000 0.000000
0.004082 0.047453 0.015755
0.008163 0.040071 0.029906
0.012245 0.028606 0.041009
0.016327 0.014226 0.047933
0.020408 -0.001603 0.049974
0.024490 -0.017268 0.046923
0.028571 -0.031174 0.039092
0.032653 -0.041904 0.027277
0.036735 -0.048365 0.012683
0.040816 -0.049897 -0.003204
0.044898 -0.046346 -0.018763
0.048980 -0.038072 -0.032411
0.053061 -0.025920 -0.042757
0.057143 -0.011126 -0.048746
0.061224 0.004801 -0.049769
0.065306 0.020239 -0.045721
0.069388 0.033615 -0.037014
0.073469 0.043566 -0.024536
0.077551 0.049078 -0.009558
0.081633 0.049590 0.006394
0.085714 0.045048 0.021694
0.089796 0.035917 0.034784
0.093878 0.023127 0.044330
0.097959 0.007980 0.049359
0.102041 -0.007980 0.049359
0.106122 -0.023127 0.044330
0.110204 -0.035917 0.034784
0.114286 -0.045048 0.021694
0.118367 -0.049590 0.006394
0.122449 -0.049078 -0.009558
0.126531 -0.043566 -0.024536
0.130612 -0.033615 -0.037014
0.134694 -0.020239 -0.045721
0.138776 -0.004801 -0.049769
0.142857 0.011126 -0.048746
0.146939 0.025920 -0.042757
0.151020 0.038072 -0.032411
0.155102 0.046346 -0.018763
0.159184 0.049897 -0.003204
0.163265 0.048365 0.012683
0.167347 0.041904 0.027277
0.171429 0.031174 0.039092
0.175510 0.017268 0.046923
0.179592 0.001603 0.049974
0.183673 -0.014226 0.047933
0.187755 -0.028606 0.041009
0.191837 -0.040071 0.029906
0.195918 -0.047453 0.015755
0.200000 -0.050000 0.000000
0.200000 0.000000 0.000000